Route: [[1, 1], [1, 8], [8, 8], [4, 8], [4, 1], [7, 4], [8, 3], [1, 3], [1, 4], [5, 8], [6, 7], [2, 3], [1, 3], [5, 7], [5, 8], [6, 8], [6, 4], [3, 4], [4, 4], [6, 2], [3, 2], [1, 2], [6, 7], [7, 8], [8, 8]]
Score: 285
Level: 23

Route: [[1, 1], [1, 8], [8, 8], [4, 8], [4, 1], [7, 4], [8, 3], [1, 3], [1, 4], [5, 8], [6, 7], [2, 3], [1, 3], [5, 7], [5, 8], [6, 8], [6, 4], [3, 4], [4, 4], [6, 2], [3, 2], [1, 2], [6, 7], [7, 8], [7, 6], [7, 4], [4, 4], [8, 8]]
Score: 288
Level: 26

Route: [[1, 1], [1, 8], [8, 8], [4, 8], [4, 1], [7, 4], [8, 3], [1, 3], [1, 4], [5, 8], [6, 7], [2, 3], [1, 3], [5, 7], [5, 8], [6, 8], [6, 4], [3, 4], [4, 4], [6, 2], [3, 2], [1, 2], [6, 7], [7, 8], [7, 6], [6, 7], [5, 8], [8, 8]]
Score: 291
Level: 26

Route: [[1, 1], [1, 8], [8, 8], [4, 8], [4, 1], [7, 4], [8, 3], [1, 3], [1, 4], [5, 8], [6, 7], [2, 3], [1, 3], [5, 7], [5, 8], [6, 8], [6, 4], [3, 4], [4, 4], [6, 2], [3, 2], [1, 2], [6, 7], [7, 8], [3, 4], [3, 2], [2, 3], [6, 7], [5, 8], [8, 8]]
Score: 292
Level: 28

Route: [[1, 1], [1, 8], [8, 8], [4, 8], [4, 1], [7, 4], [8, 3], [1, 3], [1, 4], [5, 8], [6, 7], [2, 3], [1, 3], [5, 7], [5, 8], [6, 8], [6, 4], [3, 4], [4, 4], [6, 2], [3, 2], [3, 8], [5, 8], [2, 5], [2, 3], [8, 3], [8, 8], [4, 4], [8, 8]]
Score: 295
Level: 27

Route: [[1, 1], [1, 8], [8, 8], [4, 8], [4, 1], [7, 4], [8, 3], [1, 3], [1, 4], [5, 8], [6, 7], [2, 3], [1, 3], [5, 7], [5, 8], [6, 8], [6, 4], [3, 4], [4, 4], [6, 2], [3, 2], [3, 8], [5, 8], [2, 5], [3, 4], [3, 2], [2, 3], [6, 7], [5, 8], [8, 8]]
Score: 296
Level: 28

Route: [[1, 1], [1, 8], [8, 8], [4, 8], [4, 1], [7, 4], [8, 3], [1, 3], [1, 4], [5, 8], [6, 7], [2, 3], [1, 3], [5, 7], [5, 5], [2, 5], [3, 4], [6, 4], [6, 2], [4, 4], [4, 6], [5, 7], [3, 7], [4, 8], [7, 8], [5, 8], [8, 8], [4, 4], [8, 8]]
Score: 297
Level: 27

Route: [[1, 1], [1, 8], [8, 8], [4, 8], [4, 1], [7, 4], [8, 3], [1, 3], [1, 4], [5, 8], [6, 7], [2, 3], [1, 3], [5, 7], [5, 5], [2, 5], [3, 4], [6, 4], [6, 2], [4, 4], [4, 6], [5, 7], [5, 8], [2, 5], [2, 3], [8, 3], [8, 8]]
Score: 301
Level: 25

Route: [[1, 1], [1, 8], [8, 8], [4, 8], [4, 1], [7, 4], [8, 3], [1, 3], [1, 4], [5, 8], [6, 7], [2, 3], [1, 3], [5, 7], [5, 5], [2, 5], [3, 4], [6, 4], [6, 2], [4, 4], [4, 6], [5, 7], [5, 8], [2, 5], [2, 3], [8, 3], [8, 8], [4, 4], [8, 8]]
Score: 304
Level: 27

Route: [[1, 1], [1, 8], [8, 8], [4, 8], [4, 1], [7, 4], [8, 3], [1, 3], [1, 4], [5, 8], [6, 7], [2, 3], [1, 3], [5, 7], [5, 5], [2, 5], [3, 4], [6, 4], [6, 2], [4, 4], [4, 6], [5, 7], [5, 8], [2, 5], [3, 4], [3, 2], [2, 3], [6, 7], [5, 8], [8, 8]]
Score: 305
Level: 28